2
100 5 63 18 22 14 35 48 16 82 74 90 86 73 87 41 1 24 38 13 96 33 10 97 23 21 31 99
81 61 30 71 3 52 19 4 66 84 47 11 6 9 89 91 88 50 54 58 65 95 29 17 2 80 62 64 27 68
8 55 34 78 56 37 98 94 76 83 79 85 44 12 36 7 72 93 57 70 40 25 46 100 42 39 26 15
69 51 67 59 43 20 77 28 45 32 53 75 92 49 60
93 41
100 15 40 42 76 90 47 85 34 49 30 91 22 66 44 41 10 62 16 20 5 9 73 19 86 82 32 50 2
56 83 52 98 71 28 88 78 55 81 12 68 17 25 31 23 7 43 75 29 67 87 33 8 57 36 3 45 100
61 37 79 11 26 65 60 54 96 51 21 39 24 35 46 69 72 13 4 89 77 95 74 99 97 93 92 94
80 58 53 38 64 48 6 84 14 70 59 63 27 1 18
94 11
