10 0
10 0
10 0
10 0
11 0
10 0
10 0
11 0
8 0
8 1579
10 0
7 0
11 0
11 545
9 0
9 0
10 0
3 0
11 0
10 0
9 1293
9 0
8 0
11 0
6 0
9 0
11 0
11 326
11 0
11 0
8 0
10 0
11 0
10 0
11 0
11 0
10 0
12 0
10 0
11 0
9 0
7 0
7 0
11 0
7 0
10 0
10 0
10 0
9 0
11 0
11 0
10 0
7 0
11 0
6 0
10 0
8 0
10 0
9 0
10 3410
9 0
10 0
10 0
7 0
11 0
10 252
9 0
9 0
10 0
11 0
11 0
9 0
11 0
12 0
11 2252
10 0
11 0
9 0
11 0
12 1270
11 0
5 0
11 0
10 0
11 0
8 0
10 0
10 485
9 0
10 0
7 0
11 0
10 0
11 0
9 0
10 0
10 0
10 0
5 0
10 0